trt.name	mu	k	temporal.block	day.1	day.2	day.3	day.4	day.5	day.6	day.7	day.8	day.9	day.10	day.11	day.12	day.13	day.14	day.15	day.16	day.17	day.18	day.19	day.20	day.21	day.22	day.23	day.24	day.25	day.26	day.27	day.28	day.29	day.30	day.31	day.32	day.33	day.34	day.35	day.36	day.37	day.38	day.39	day.40	day.41	day.42	day.43	day.44	day.45	day.46	day.47	day.48	day.49	day.50	day.51	day.52	day.53	day.54	day.55	day.56	day.57	day.58	day.59	day.60	day.61	day.62	day.63	day.64	day.65	day.66	day.67	day.68
mu0.1k0.5	0.76	0.1	c	NA	NA	1	sample	15.8	0	0	0	0	1	0	0	0	0	0	0	0	0	0	0	0	0	1	1	0	0	4	0	0	0	0	0	0	5	0	0	9.3	0	0	0	0	0	0	3	1	0	0	2	0	0	2	0	0	0	0	0	0	0	0	0	0	0	0	0	0	sample	NA	insects
mu0.2k0.5	1.51	0.1	b	NA	1	sample	30.8	0	0	0	0	2	0	1	0	0	0	0	0	0	0	0	0	0	2	3	0	0	7	0	0	0	0	0	0	10.96	0	0	15.53	0	0	0	0	0	0	6	1	0	0	4	1	0	5	0	0	0	0	0	0	0	0	0	0	0	1	0	0	sample	NA	insects	NA
mu0.4k0.5	3.02	0.1	b	NA	1	sample	60.73	0	0	0	0	5	0	2	0	0	0	0	0	0	0	0	0	0	4	6	0	0	15.43	0	0	0	0	0	0	20.98	0	0	30.63	0	0	0	0	0	1	11.87	3	0	0	7	1	0	8	1	0	0	0	0	0	0	0	0	0	1	2	0	0	sample	NA	insects	NA
mu0.6k0.5	4.53	0.1	b	NA	1	sample	90.67	0	0	0	0	7	0	3	0	0	0	0	0	0	0	0	0	0	6	8	0	0	23.02	0	0	0	0	1	0	31.34	0	0	45.73	0	0	0	0	0	1	17.54	5	0	0	8.12	2	0	13.57	1	0	0	1	0	0	0	0	0	0	2	4	0	0	sample	NA	insects	NA
mu0.8k0.5	6.05	0.1	b	NA	1	sample	120.61	0	0	0	0	8	0	4	0	0	0	0	0	0	0	0	0	0	7	10.94	0	0	30.66	1	0	0	0	1	0	41.68	0	0	60.84	0	0	0	0	0	1	23.32	6	0	0	14.23	3	0	18.07	2	0	0	1	0	0	0	0	0	0	2	5	0	0	sample	NA	insects	NA
mu1k0.5	7.56	0.1	b	NA	1	sample	150.53	0	0	0	0	10.4	0	5	0	0	0	0	0	0	0	0	0	0	8	14.06	0	0	38.26	1	0	0	0	1	0	52.02	0	0	75.94	0	0	0	0	0	2	29.13	7	0	0	17.75	4	0	22.58	2	0	0	1	0	0	0	0	1	0	3	6	0	0	sample	NA	insects	NA
mu1.5k0.5	11.33	0.1	c	NA	NA	1	sample	225.37	0	0	0	0	20.51	0	6	0	0	0	0	0	0	0	0	0	0	16.71	21.03	0	0	57.3	1	0	0	0	1	0	77.9	0	0	113.69	0	0	0	0	0	2	43.61	8	0	0	26.6	5	0	33.84	3	0	0	2	0	0	0	1	1	0	4	7	0	0	sample	NA	insects
mu2k0.5	15.11	0.1	c	NA	NA	1	sample	300.21	0	0	0	0	23.97	0	7	0	0	0	0	0	0	0	0	0	0	22.29	28.03	0	0	76.33	1	0	0	0	2	0	103.77	0	0	151.45	0	0	0	0	0	3	58.1	17.76	0	0	35.44	6	0	45.1	4	0	0	2	0	0	0	1	1	0	5	8	1	0	sample	NA	insects
mu2.5k0.5	18.89	0.1	c	NA	NA	1	sample	375.04	0	0	0	0	27.86	0	9.91	0	0	0	0	0	0	0	0	0	0	22.2	35.03	0	0	95.37	2	0	0	0	3	0	129.65	0	0	189.2	1	0	0	0	0	5	72.59	17.7	0	0	44.27	8	0	56.35	6	0	0	4	0	0	0	1	2	0	7	14.14	1	0	sample	NA	insects
mu3k0.5	22.67	0.1	a	1	sample	449.88	0	0	0	0	33.42	0	13.48	0	0	1	0	0	0	0	0	0	0	26.64	42.04	0	0	114.4	3	0	0	0	4	0	155.52	0	0	226.95	1	0	0	0	0	6	87.09	21.24	0	0	53.11	8	0	67.6	6.88	0	0	5	0	0	0	2	2	0	7	16.94	1	0	sample	NA	insects	NA	NA
mu0.1k1	0.76	0.19	a	1	sample	11.34	0	0	0	0	2	0	1	0	0	0	0	0	0	0	0	0	0	1	2	0	0	4	0	0	0	0	0	0	5	0	0	6	0	0	0	0	0	0	3	1	0	0	2	1	0	3	1	0	0	0	0	0	0	0	0	0	1	1	0	0	sample	NA	insects	NA	NA
mu0.2k1	1.51	0.19	a	1	sample	21.19	0	0	0	0	3	0	2	0	0	0	0	0	0	0	0	0	0	3	4	0	0	7	1	0	0	0	1	0	8	0	0	14.49	0	0	0	0	0	1	6	2	0	0	4	2	0	5	1	0	0	1	0	0	0	0	1	0	1	2	0	0	sample	NA	insects	NA	NA
mu0.4k1	3.02	0.19	a	1	sample	41.23	0	0	0	0	7	0	4	0	0	1	0	0	0	0	0	0	0	6	8	0	0	14.06	1	0	0	0	2	0	18.08	0	0	23.98	1	0	0	0	0	2	11	5	0	0	9	3	0	10	2	0	0	2	0	0	0	1	1	0	3	4	1	0	sample	NA	insects	NA	NA
mu0.6k1	4.53	0.19	b	NA	1	sample	61.26	0	0	0	0	10	0	6	0	0	1	0	0	0	1	0	0	1	9	11	0	0	21.65	2	0	0	0	2	0	26.92	0	0	35.65	1	0	0	0	0	3	17.9	8	0	0	12	5	0	12.88	4	0	0	3	0	0	0	1.78	2	1	4	7	1	0	sample	NA	insects	NA
mu0.8k1	6.05	0.19	b	NA	1	sample	81.28	0	0	0	0	12	0	8	0	0	1	0	0	1	1	0	0	1	11	13	0	0	28.71	3	0	0	0	3	0	35.75	0	0	47.32	1	0	0	0	0	4	23.78	10	0	0	18.79	7	0	20.07	5	0	0	4	0	0	0	2	2	1	6	9	2	0	sample	NA	insects	NA
mu1k1	7.56	0.19	c	NA	NA	1	sample	101.31	1	0	0	1	14	0	10	0	0	2	0	0	1	1	0	0	1	13	15.71	0	0	35.81	4	0	0	0	4	0	44.58	0	0	58.99	2	0	0	0	0	6	29.64	12	0	0	21.35	9	0	25	7	0	0	5	0	0	0	3	3	1	8	11	2	1	sample	NA	insects
mu1.5k1	11.33	0.19	b	NA	1	sample	151.38	1	0	0	1	23.78	0	13	0	0	3	0	0	1	2	0	0	2	20.71	27.49	0	0	53.54	6	0	0	0	7	0	66.63	0	0	88.15	3	0	0	0	0	9	44.34	14.71	0	0	31.93	12	0	37.41	10	0	0	8	0	1	1	4	5	2	11	14	4	1	sample	NA	insects	NA
mu2k1	15.11	0.19	b	NA	1	sample	201.44	1	0	0	1	36.59	0	14	0	0	3	0	0	2	2	0	0	2	31.73	42.53	0	0	71.27	7	0	0	0	8	0	88.69	0	0	117.32	4	0	0	0	0	10	59.02	27.56	0	0	45.83	13	0	49.8	11	0	0	9	1	1	1	5	6	3	12	15	4	1	sample	NA	insects	NA
mu2.5k1	18.89	0.19	a	1	sample	251.5	1	0	0	2	45.74	0	15	0	0	4	0	0	2	2	0	0	3	39.59	53.1	0	0	88.99	8	0	0	0	9	0	110.75	0	0	146.49	4	0	0	0	0	11	73.72	34.45	0	0	61.9	14	0	62.19	12	0	1	10	1	1	1	6	7	3	13	30.05	5	1.5	sample	NA	insects	NA	NA
mu3k1	22.67	0.19	c	NA	NA	1	sample	301.57	2	0	0	2	54.84	0	31.54	0	0	4	0	0	2	3	0	0	3	47.51	57.89	0	0	106.72	9	0	0	0	10	0	132.8	0	0	175.66	5	0	0	0	0	12	88.4	41.34	0	0	63.69	27.57	0	74.59	13	1	1	11	1	1	1	7	8	4	14	36.05	6	2	sample	NA	insects
mu0.1k2	0.76	0.39	c	NA	NA	1	sample	8.15	0	0	0	0	2	0	1	0	0	0	0	0	0	0	0	0	0	2	2	0	0	3	1	0	0	0	1	0	4	0	0	5	0	0	0	0	0	1	3	2	0	0	2	1	0	2.19	1	0	0	1	0	0	0	0	1	0	1	1	0	0	sample	NA	insects
mu0.2k2	1.51	0.39	c	NA	NA	1	sample	17.68	0	0	0	0	3	0	2	0	0	1	0	0	0	1	0	0	1	3	4	0	0	6	1	0	0	0	1	0	7	0	0	8	1	0	0	0	0	2	5	3	0	0	4	2	0	5	2	0	0	2	0	0	0	1	1	1	2	3	1	0	sample	NA	insects
mu0.4k2	3.02	0.39	a	1	sample	27.84	1	0	0	1	7	0	5	0	0	2	0	0	1	1	0	0	1	6	8	0	0	12	3	0	0	0	3	0	13.5	0	0	18.02	2	0	0	0	0	3	11	6	0	0	9	4	0	10	4	0	0	3	1	1	1	2	2	1	4	5	2	1	sample	NA	insects	NA	NA
mu0.6k2	4.53	0.39	a	1	sample	41.05	1	0	0	2	11	0	7	0	0	3	0	0	2	2	0	0	2	10	12	0	0	15	4	0	0	0	4	0	21.44	0	0	26.62	3	0	0	0	0	5	14	9	0	1	12.92	7	1	13	6	1	1	5	1	1	1	3	4	2	6	8	3	1.5	sample	NA	insects	NA	NA
mu0.8k2	6.05	0.39	c	NA	NA	1	sample	54.24	2	0	0	2	14	0	10	0	0	3	0	0	2	3	0	0	3	13	15	0	0	24.1	5	0	0	0	6	0	28.37	0	0	35.19	4	0	0	0	1	7	18.83	12	1	1	16	9	1	17	7	1	1	6	1	2	2	4	5	3	8	11	4	2	sample	NA	insects
mu1k2	7.56	0.39	c	NA	NA	1	sample	67.43	2	0	0	2	15	0	11	0	0	4	0	0	3	3	0	0	3	14	16	0	0	35.3	6	0	0	0	7	0	43.77	0	0	62.9	4	0	0	1	1	8	19	13	1	1	17	10	1	18	8	1	1	7	2	2	2	5	6	4	9	12	5	2	sample	NA	insects
mu1.5k2	11.33	0.39	a	1	sample	100.41	4	0	0	4	21	0	17	0	0	6	0	0	4	5	0	0	5	20	22	0	0	47.82	10	0	0	0	11	0	52.6	0	1	65.21	7	1	1	1	1	13	44.68	19	1	2	34.45	16	2	38.92	14	2	2	12	3	3	3	8	9	6	15	18	7	4	sample	NA	insects	NA	NA
mu2k2	15.11	0.39	a	1	sample	133.38	5	0	0	6	34.51	0	21	0	0	9	0	0	6	7	0	0	7	33.5	36.95	0	0	59.37	14	0	0	0	15	1	69.91	1	1	86.65	10	1	1	2	2	17	51.75	23	2	2	40.98	20	3	45.8	18	3	3	16	4	4	5	12	13	8	19	22	11	5.5	sample	NA	insects	NA	NA
mu2.5k2	18.89	0.39	a	1	sample	166.35	6	0	0	6	46.1	0	23	0	0	11	0	0	7	8	0	0	9	41.82	51.18	0	0	74.07	16	0	0	1	17	1	87.21	1	1	108.08	12	1	2	2	2	19	64.57	38.1	3	3	57.15	22	3	63.94	20	4	4	18	5	5	5.91	14	15	10	21	24	13	6	sample	NA	insects	NA	NA
mu3k2	22.67	0.39	b	NA	1	sample	199.33	7	0	0	8	55.31	0	38.23	0	0	13	0	0	9	10	0	0	11	50.12	61.31	0	0	88.78	18	0	1	1	19	1	104.52	1	1	129.52	14	2	2	2	3	21	77.38	45.67	3	3	68.52	24	4	70.79	22	4	5	20	5	6	6	16	17	12	23	41.7	15	7.5	sample	NA	insects	NA
